3,2
3,1
3,3
10,13
10,219
10,166
10,8
10,132
10,282
10,22
10,230
10,2
10,3
9,7
9,4
9,6
8,7
8,16
8,4
8,13
8,18
8,2
53,3
53,2
53,1
51,3
51,2
51,1
51,0
20,3
20,2
20,1
19,3
19,2
19,1
12,3
12,2
12,1
11,30
11,29
11,28
11,27
11,26
11,25
11,24
11,23
11,22
11,21
11,20
11,19
11,18
11,17
11,16
11,15
11,14
11,13
11,12
11,11
11,10
11,9
11,8
11,7
11,6
11,5
11,4
11,3
11,2
11,1
10,314
10,313
10,311
10,310
10,308
10,307
10,306
18,1
10,305
18,3
10,304
10,302
10,301
10,299
10,298
10,297
10,296
10,295
10,294
10,293
10,291
10,289
10,288
10,286
10,281
10,274
10,268
10,265
10,262
10,256
10,253
10,250
10,232
10,226
10,223
10,221
10,208
10,201
